UNet: [0.0, 0.0, 0.0, 0.011764705882352941, 0.011764705882352941, 0.023529411764705882, 0.023529411764705882, 0.047058823529411764, 0.047058823529411764, 0.058823529411764705, 0.058823529411764705, 0.09411764705882353, 0.09411764705882353, 0.10588235294117647, 0.10588235294117647, 0.1411764705882353, 0.1411764705882353, 0.2, 0.2, 0.24705882352941178, 0.24705882352941178, 0.2823529411764706, 0.3058823529411765, 0.4588235294117647, 0.4588235294117647, 0.5882352941176471, 0.5882352941176471, 1.0]
VNet: [0.0, 0.0, 0.0, 0.023529411764705882, 0.023529411764705882, 0.08235294117647059, 0.08235294117647059, 0.10588235294117647, 0.10588235294117647, 0.12941176470588237, 0.12941176470588237, 0.15294117647058825, 0.15294117647058825, 0.16470588235294117, 0.16470588235294117, 0.21176470588235294, 0.21176470588235294, 0.24705882352941178, 0.24705882352941178, 0.5058823529411764, 0.5058823529411764, 0.5294117647058824, 0.5529411764705883, 0.9647058823529412, 0.9882352941176471, 1.0]
ResNet3D: [0.0, 0.0, 0.0, 0.023529411764705882, 0.023529411764705882, 0.03529411764705882, 0.03529411764705882, 0.058823529411764705, 0.058823529411764705, 0.07058823529411765, 0.07058823529411765, 0.09411764705882353, 0.09411764705882353, 0.1411764705882353, 0.1411764705882353, 0.16470588235294117, 0.16470588235294117, 0.29411764705882354, 0.29411764705882354, 0.4823529411764706, 0.4823529411764706, 0.8, 0.8235294117647058, 1.0]
ResNet3D: [0.0, 0.0, 0.0, 0.011764705882352941, 0.011764705882352941, 0.047058823529411764, 0.047058823529411764, 0.058823529411764705, 0.058823529411764705, 0.08235294117647059, 0.08235294117647059, 0.09411764705882353, 0.09411764705882353, 0.10588235294117647, 0.10588235294117647, 0.17647058823529413, 0.17647058823529413, 0.2235294117647059, 0.2235294117647059, 0.27058823529411763, 0.27058823529411763, 0.2823529411764706, 0.2823529411764706, 0.5058823529411764, 0.5058823529411764, 0.6, 0.6235294117647059, 1.0]
ResNet3D: [0.0, 0.0, 0.0, 0.0, 0.0, 0.0, 0.09461235216819974, 0.09724047306176084, 0.18396846254927726, 0.18659658344283836, 0.21287779237844942, 0.21550591327201052, 0.24178712220762155, 0.24441524310118265, 0.3403416557161629, 0.34296977660972405, 0.38501971090670173, 0.3876478318002628, 0.5466491458607096, 0.5492772667542707, 0.5676741130091985, 0.5703022339027596, 0.5900131406044679, 0.5926412614980289, 0.7030223390275953, 0.7056504599211564, 0.7293035479632063, 0.7319316688567674, 0.8160315374507228, 0.8186596583442839, 0.8475689881734559, 0.8501971090670171, 0.8541392904073587, 0.8567674113009198, 0.9093298291721419, 0.911957950065703, 0.9908015768725361, 0.9934296977660972, 1.0]
ResNet3D: [0.0, 0.0, 0.0, 0.0, 0.0, 0.1366622864651774, 0.1392904073587385, 0.18528252299605782, 0.18791064388961892, 0.3495400788436268, 0.35216819973718794, 0.3823915900131406, 0.38501971090670173, 0.40341655716162944, 0.4060446780551905, 0.4888304862023653, 0.4914586070959264, 0.5256241787122208, 0.5282522996057819, 0.5703022339027596, 0.5729303547963206, 0.6727989487516426, 0.6754270696452037, 0.7792378449408672, 0.7818659658344284, 0.7936925098554534, 0.7963206307490145, 0.8055190538764783, 0.8081471747700394, 0.8541392904073587, 0.8567674113009198, 0.9448094612352168, 0.9474375821287779, 0.9710906701708278, 0.973718791064389, 0.9789750328515112, 0.9816031537450722, 1.0]
ResNet3D: [0.0, 0.0, 0.0, 0.03529411764705882, 0.03529411764705882, 0.10588235294117647, 0.10588235294117647, 0.11764705882352941, 0.11764705882352941, 0.16470588235294117, 0.16470588235294117, 0.18823529411764706, 0.18823529411764706, 0.2235294117647059, 0.2235294117647059, 0.29411764705882354, 0.29411764705882354, 0.49411764705882355, 0.49411764705882355, 0.7176470588235294, 0.7411764705882353, 1.0]
ResNet3D: [0.0, 0.0, 0.0, 0.03529411764705882, 0.03529411764705882, 0.058823529411764705, 0.058823529411764705, 0.07058823529411765, 0.07058823529411765, 0.09411764705882353, 0.09411764705882353, 0.10588235294117647, 0.10588235294117647, 0.18823529411764706, 0.18823529411764706, 0.2, 0.2, 0.32941176470588235, 0.32941176470588235, 0.3764705882352941, 0.3764705882352941, 1.0]
ResNet3D: [0.0, 0.0, 0.0, 0.0, 0.0, 0.0, 0.0, 0.0, 0.0, 0.0, 0.0, 0.0, 0.0, 0.0, 0.0, 0.09461235216819974, 0.09724047306176084, 0.25492772667542707, 0.2575558475689882, 0.3061760840998686, 0.3088042049934297, 0.33508541392904073, 0.33771353482260186, 0.48620236530880423, 0.4888304862023653, 0.4940867279894875, 0.4967148488830486, 0.5755584756898817, 0.5781865965834428, 0.5834428383705651, 0.5860709592641261, 0.6622864651773982, 0.6649145860709592, 0.7555847568988173, 0.7582128777923784, 0.7989487516425755, 0.8015768725361366, 0.8370565045992115, 0.8396846254927727, 0.8449408672798949, 0.8475689881734559, 0.9211563731931669, 0.923784494086728, 0.9553219448094612, 0.9579500657030223, 0.9645203679369251, 0.9671484888304862, 1.0]
UNet: [0.0, 0.0, 0.0, 0.001314060446780552, 0.001314060446780552, 0.002628120893561104, 0.002628120893561104, 0.003942181340341655, 0.003942181340341655, 0.005256241787122208, 0.005256241787122208, 0.00788436268068331, 0.00788436268068331, 0.009198423127463863, 0.009198423127463863, 0.03416557161629435, 0.03416557161629435, 0.14586070959264127, 0.14848883048620237, 0.20105124835742444, 0.20367936925098554, 0.33771353482260186, 0.3403416557161629, 0.34296977660972405, 0.3455978975032852, 0.3731931668856767, 0.37582128777923784, 0.3797634691195795, 0.3823915900131406, 0.3968462549277267, 0.39947437582128775, 0.49934296977660975, 0.5019710906701709, 0.5243101182654402, 0.5269382391590013, 0.5703022339027596, 0.5729303547963206, 0.6622864651773982, 0.6649145860709592, 0.7568988173455979, 0.759526938239159, 0.7779237844940867, 0.7805519053876478, 0.8147174770039421, 0.8173455978975033, 0.8475689881734559, 0.8501971090670171, 0.9776609724047306, 0.9802890932982917, 1.0]
UNet: [0.0, 0.0, 0.0, 0.011764705882352941, 0.011764705882352941, 0.023529411764705882, 0.023529411764705882, 0.03529411764705882, 0.03529411764705882, 0.07058823529411765, 0.07058823529411765, 0.10588235294117647, 0.10588235294117647, 0.11764705882352941, 0.11764705882352941, 0.12941176470588237, 0.12941176470588237, 0.16470588235294117, 0.16470588235294117, 0.18823529411764706, 0.18823529411764706, 0.21176470588235294, 0.21176470588235294, 0.8352941176470589, 0.8588235294117647, 1.0]
UNet: [0.0, 0.0, 0.0, 0.011764705882352941, 0.011764705882352941, 0.058823529411764705, 0.058823529411764705, 0.09411764705882353, 0.09411764705882353, 0.12941176470588237, 0.12941176470588237, 0.5058823529411764, 0.5058823529411764, 0.5176470588235295, 0.5176470588235295, 0.8117647058823529, 0.8352941176470589, 1.0]
UNet: [0.0, 0.0, 0.0, 0.001314060446780552, 0.001314060446780552, 0.003942181340341655, 0.003942181340341655, 0.11695137976346912, 0.11957950065703023, 0.19448094612352168, 0.19710906701708278, 0.2851511169513798, 0.28777923784494086, 0.38896189224704336, 0.3915900131406045, 0.442838370565046, 0.4454664914586071, 0.5624178712220762, 0.5650459921156373, 0.6438896189224704, 0.6465177398160316, 0.6544021024967148, 0.657030223390276, 0.7082785808147175, 0.7109067017082786, 0.7516425755584757, 0.7542706964520368, 0.8055190538764783, 0.8081471747700394, 0.8173455978975033, 0.8199737187910644, 0.8304862023653088, 0.8331143232588699, 0.9106438896189225, 0.9132720105124835, 0.9408672798948752, 0.9434954007884363, 0.9894875164257556, 0.9921156373193167, 1.0]
ResNet3D: [0.0, 0.0, 0.0, 0.001314060446780552, 0.001314060446780552, 0.002628120893561104, 0.002628120893561104, 0.003942181340341655, 0.003942181340341655, 0.005256241787122208, 0.005256241787122208, 0.006570302233902759, 0.006570302233902759, 0.009198423127463863, 0.009198423127463863, 0.011826544021024968, 0.011826544021024968, 0.013140604467805518, 0.013140604467805518, 0.017082785808147174, 0.017082785808147174, 0.02102496714848883, 0.02102496714848883, 0.030223390275952694, 0.030223390275952694, 0.06044678055190539, 0.06307490144546649, 0.07752956636005257, 0.07752956636005257, 0.18265440210249673, 0.18528252299605782, 0.40341655716162944, 0.4060446780551905, 0.4283837056504599, 0.43101182654402104, 0.4480946123521682, 0.4507227332457293, 0.5177398160315374, 0.5203679369250985, 0.5663600525624178, 0.568988173455979, 0.5860709592641261, 0.5886990801576872, 0.6294349540078844, 0.6320630749014454, 0.6452036793692509, 0.6478318002628121, 0.6990801576872536, 0.7017082785808147, 0.7503285151116952, 0.7529566360052562, 0.7726675427069645, 0.7752956636005256, 0.7779237844940867, 0.7805519053876478, 0.8791064388961892, 0.8817345597897503, 0.9973718791064389, 1.0]
ResNet3D: [0.0, 0.0, 0.0, 0.011764705882352941, 0.011764705882352941, 0.023529411764705882, 0.023529411764705882, 0.03529411764705882, 0.03529411764705882, 0.047058823529411764, 0.047058823529411764, 0.18823529411764706, 0.18823529411764706, 0.2, 0.2, 0.47058823529411764, 0.47058823529411764, 0.6588235294117647, 0.6588235294117647, 1.0]
ResNet3D: [0.0, 0.0, 0.0, 0.011764705882352941, 0.011764705882352941, 0.023529411764705882, 0.023529411764705882, 0.03529411764705882, 0.03529411764705882, 0.047058823529411764, 0.047058823529411764, 0.08235294117647059, 0.08235294117647059, 0.18823529411764706, 0.18823529411764706, 0.2, 0.2, 0.3411764705882353, 0.3411764705882353, 0.5882352941176471, 0.5882352941176471, 1.0]
ResNet3D: [0.0, 0.005405405405405406, 0.005405405405405406, 0.005405405405405406, 0.010810810810810811, 0.010810810810810811, 0.016216216216216217, 0.016216216216216217, 0.021621621621621623, 0.021621621621621623, 0.032432432432432434, 0.032432432432432434, 0.043243243243243246, 0.043243243243243246, 0.04864864864864865, 0.04864864864864865, 0.05405405405405406, 0.05405405405405406, 0.05945945945945946, 0.05945945945945946, 0.0918918918918919, 0.0918918918918919, 0.13513513513513514, 0.13513513513513514, 0.15135135135135136, 0.15135135135135136, 0.15675675675675677, 0.15675675675675677, 0.16216216216216217, 0.16216216216216217, 0.16756756756756758, 0.16756756756756758, 0.17297297297297298, 0.17297297297297298, 0.1891891891891892, 0.1891891891891892, 0.23783783783783785, 0.23783783783783785, 0.24324324324324326, 0.24324324324324326, 0.24864864864864866, 0.24864864864864866, 0.2648648648648649, 0.2648648648648649, 0.33513513513513515, 0.33513513513513515, 0.34594594594594597, 0.34594594594594597, 0.3567567567567568, 0.3567567567567568, 0.41081081081081083, 0.41081081081081083, 0.4918918918918919, 0.4918918918918919, 0.6648648648648648, 0.6648648648648648, 1.0]
ResNet3D: [0.0, 0.0, 0.0, 0.0, 0.0, 0.0, 0.0, 0.0, 0.0, 0.0, 0.0, 0.0, 0.0, 0.0, 0.0, 0.0, 0.0, 0.0, 0.0, 0.0, 0.0, 0.0, 0.0, 0.0, 0.0, 0.0, 0.0, 0.0, 0.0, 0.0, 0.0, 0.0, 0.0, 0.0, 0.0, 0.0, 0.0, 0.0, 0.0, 0.0, 0.0, 0.0, 0.0, 0.0, 0.0, 0.0, 0.0, 0.0, 0.0, 0.0, 0.0, 0.0, 0.0, 0.0, 0.0, 1.0]
