UNet: [0.0, 0.058823529411764705, 0.17647058823529413, 0.17647058823529413, 0.23529411764705882, 0.23529411764705882, 0.29411764705882354, 0.29411764705882354, 0.35294117647058826, 0.35294117647058826, 0.47058823529411764, 0.47058823529411764, 0.5294117647058824, 0.5294117647058824, 0.5882352941176471, 0.5882352941176471, 0.7058823529411765, 0.7058823529411765, 0.8235294117647058, 0.8235294117647058, 0.8823529411764706, 0.8823529411764706, 0.8823529411764706, 0.8823529411764706, 0.9411764705882353, 0.9411764705882353, 1.0, 1.0]
VNet: [0.0, 0.058823529411764705, 0.23529411764705882, 0.23529411764705882, 0.35294117647058826, 0.35294117647058826, 0.4117647058823529, 0.4117647058823529, 0.47058823529411764, 0.47058823529411764, 0.5294117647058824, 0.5294117647058824, 0.6470588235294118, 0.6470588235294118, 0.7647058823529411, 0.7647058823529411, 0.8823529411764706, 0.8823529411764706, 0.9411764705882353, 0.9411764705882353, 1.0, 1.0, 1.0, 1.0, 1.0, 1.0]
ResNet3D: [0.0, 0.058823529411764705, 0.23529411764705882, 0.23529411764705882, 0.35294117647058826, 0.35294117647058826, 0.4117647058823529, 0.4117647058823529, 0.47058823529411764, 0.47058823529411764, 0.6470588235294118, 0.6470588235294118, 0.7058823529411765, 0.7058823529411765, 0.7647058823529411, 0.7647058823529411, 0.8235294117647058, 0.8235294117647058, 0.9411764705882353, 0.9411764705882353, 1.0, 1.0, 1.0, 1.0]
ResNet3D: [0.0, 0.058823529411764705, 0.17647058823529413, 0.17647058823529413, 0.29411764705882354, 0.29411764705882354, 0.47058823529411764, 0.47058823529411764, 0.5294117647058824, 0.5294117647058824, 0.5882352941176471, 0.5882352941176471, 0.6470588235294118, 0.6470588235294118, 0.7058823529411765, 0.7058823529411765, 0.7647058823529411, 0.7647058823529411, 0.8235294117647058, 0.8235294117647058, 0.8823529411764706, 0.8823529411764706, 0.9411764705882353, 0.9411764705882353, 1.0, 1.0, 1.0, 1.0]
ResNet3D: [0.0, 0.006622516556291391, 0.019867549668874173, 0.7019867549668874, 0.7152317880794702, 1.0, 1.0, 1.0, 1.0, 1.0, 1.0, 1.0, 1.0, 1.0, 1.0, 1.0, 1.0, 1.0, 1.0, 1.0, 1.0, 1.0, 1.0, 1.0, 1.0, 1.0, 1.0, 1.0, 1.0, 1.0, 1.0, 1.0, 1.0, 1.0, 1.0, 1.0, 1.0, 1.0, 1.0]
ResNet3D: [0.0, 0.006622516556291391, 0.17880794701986755, 0.19205298013245034, 1.0, 1.0, 1.0, 1.0, 1.0, 1.0, 1.0, 1.0, 1.0, 1.0, 1.0, 1.0, 1.0, 1.0, 1.0, 1.0, 1.0, 1.0, 1.0, 1.0, 1.0, 1.0, 1.0, 1.0, 1.0, 1.0, 1.0, 1.0, 1.0, 1.0, 1.0, 1.0, 1.0, 1.0]
ResNet3D: [0.0, 0.058823529411764705, 0.35294117647058826, 0.35294117647058826, 0.47058823529411764, 0.47058823529411764, 0.5882352941176471, 0.5882352941176471, 0.6470588235294118, 0.6470588235294118, 0.7058823529411765, 0.7058823529411765, 0.8235294117647058, 0.8235294117647058, 0.8823529411764706, 0.8823529411764706, 0.9411764705882353, 0.9411764705882353, 1.0, 1.0, 1.0, 1.0]
ResNet3D: [0.0, 0.11764705882352941, 0.4117647058823529, 0.4117647058823529, 0.5294117647058824, 0.5294117647058824, 0.5882352941176471, 0.5882352941176471, 0.6470588235294118, 0.6470588235294118, 0.7058823529411765, 0.7058823529411765, 0.7647058823529411, 0.7647058823529411, 0.8235294117647058, 0.8235294117647058, 0.8823529411764706, 0.8823529411764706, 0.9411764705882353, 0.9411764705882353, 1.0, 1.0]
ResNet3D: [0.0, 0.046357615894039736, 0.052980132450331126, 0.0728476821192053, 0.08609271523178808, 0.09933774834437085, 0.10596026490066225, 0.11920529801324503, 0.1456953642384106, 0.15894039735099338, 0.26490066225165565, 0.2781456953642384, 0.6225165562913907, 0.6357615894039735, 1.0, 1.0, 1.0, 1.0, 1.0, 1.0, 1.0, 1.0, 1.0, 1.0, 1.0, 1.0, 1.0, 1.0, 1.0, 1.0, 1.0, 1.0, 1.0, 1.0, 1.0, 1.0, 1.0, 1.0, 1.0, 1.0, 1.0, 1.0, 1.0, 1.0, 1.0, 1.0, 1.0, 1.0]
UNet: [0.0, 0.006622516556291391, 0.17880794701986755, 0.17880794701986755, 0.9271523178807947, 0.9271523178807947, 0.9337748344370861, 0.9337748344370861, 0.9470198675496688, 0.9470198675496688, 0.9668874172185431, 0.9668874172185431, 0.9867549668874173, 0.9867549668874173, 0.9933774834437086, 0.9933774834437086, 1.0, 1.0, 1.0, 1.0, 1.0, 1.0, 1.0, 1.0, 1.0, 1.0, 1.0, 1.0, 1.0, 1.0, 1.0, 1.0, 1.0, 1.0, 1.0, 1.0, 1.0, 1.0, 1.0, 1.0, 1.0, 1.0, 1.0, 1.0, 1.0, 1.0, 1.0, 1.0, 1.0, 1.0]
UNet: [0.0, 0.058823529411764705, 0.17647058823529413, 0.17647058823529413, 0.35294117647058826, 0.35294117647058826, 0.5294117647058824, 0.5294117647058824, 0.5882352941176471, 0.5882352941176471, 0.6470588235294118, 0.6470588235294118, 0.7058823529411765, 0.7058823529411765, 0.7647058823529411, 0.7647058823529411, 0.8235294117647058, 0.8235294117647058, 0.8823529411764706, 0.8823529411764706, 0.9411764705882353, 0.9411764705882353, 1.0, 1.0, 1.0, 1.0]
UNet: [0.0, 0.058823529411764705, 0.29411764705882354, 0.29411764705882354, 0.5882352941176471, 0.5882352941176471, 0.6470588235294118, 0.6470588235294118, 0.8235294117647058, 0.8235294117647058, 0.8823529411764706, 0.8823529411764706, 0.9411764705882353, 0.9411764705882353, 1.0, 1.0, 1.0, 1.0]
UNet: [0.0, 0.006622516556291391, 0.26490066225165565, 0.26490066225165565, 0.9867549668874173, 0.9867549668874173, 1.0, 1.0, 1.0, 1.0, 1.0, 1.0, 1.0, 1.0, 1.0, 1.0, 1.0, 1.0, 1.0, 1.0, 1.0, 1.0, 1.0, 1.0, 1.0, 1.0, 1.0, 1.0, 1.0, 1.0, 1.0, 1.0, 1.0, 1.0, 1.0, 1.0, 1.0, 1.0, 1.0, 1.0]
ResNet3D: [0.0, 0.006622516556291391, 0.7880794701986755, 0.7880794701986755, 0.8079470198675497, 0.8079470198675497, 0.8741721854304636, 0.8741721854304636, 0.9072847682119205, 0.9072847682119205, 0.9271523178807947, 0.9271523178807947, 0.9337748344370861, 0.9337748344370861, 0.9602649006622517, 0.9602649006622517, 0.9668874172185431, 0.9668874172185431, 0.9735099337748344, 0.9735099337748344, 0.9801324503311258, 0.9801324503311258, 0.9867549668874173, 0.9867549668874173, 0.9933774834437086, 0.9933774834437086, 0.9933774834437086, 0.9933774834437086, 1.0, 1.0, 1.0, 1.0, 1.0, 1.0, 1.0, 1.0, 1.0, 1.0, 1.0, 1.0, 1.0, 1.0, 1.0, 1.0, 1.0, 1.0, 1.0, 1.0, 1.0, 1.0, 1.0, 1.0, 1.0, 1.0, 1.0, 1.0, 1.0, 1.0, 1.0]
ResNet3D: [0.0, 0.11764705882352941, 0.17647058823529413, 0.17647058823529413, 0.5882352941176471, 0.5882352941176471, 0.6470588235294118, 0.6470588235294118, 0.7058823529411765, 0.7058823529411765, 0.7647058823529411, 0.7647058823529411, 0.8235294117647058, 0.8235294117647058, 0.8823529411764706, 0.8823529411764706, 0.9411764705882353, 0.9411764705882353, 1.0, 1.0]
ResNet3D: [0.0, 0.058823529411764705, 0.29411764705882354, 0.29411764705882354, 0.4117647058823529, 0.4117647058823529, 0.5294117647058824, 0.5294117647058824, 0.5882352941176471, 0.5882352941176471, 0.6470588235294118, 0.6470588235294118, 0.7058823529411765, 0.7058823529411765, 0.7647058823529411, 0.7647058823529411, 0.8823529411764706, 0.8823529411764706, 0.9411764705882353, 0.9411764705882353, 1.0, 1.0]
ResNet3D: [0.0, 0.08955223880597014, 0.14925373134328357, 0.16417910447761194, 0.16417910447761194, 0.2537313432835821, 0.26865671641791045, 0.29850746268656714, 0.29850746268656714, 0.3283582089552239, 0.3283582089552239, 0.373134328358209, 0.373134328358209, 0.47761194029850745, 0.47761194029850745, 0.5074626865671642, 0.5074626865671642, 0.5522388059701493, 0.5522388059701493, 0.5970149253731343, 0.5970149253731343, 0.6119402985074627, 0.6119402985074627, 0.6268656716417911, 0.6268656716417911, 0.6567164179104478, 0.6567164179104478, 0.6865671641791045, 0.6865671641791045, 0.7014925373134329, 0.7014925373134329, 0.7313432835820896, 0.7313432835820896, 0.7611940298507462, 0.7611940298507462, 0.7761194029850746, 0.7761194029850746, 0.8059701492537313, 0.8059701492537313, 0.8208955223880597, 0.8208955223880597, 0.835820895522388, 0.835820895522388, 0.8656716417910447, 0.8656716417910447, 0.8805970149253731, 0.8805970149253731, 0.9253731343283582, 0.9253731343283582, 0.9552238805970149, 0.9552238805970149, 0.9701492537313433, 0.9701492537313433, 0.9850746268656716, 0.9850746268656716, 1.0, 1.0]
ResNet3D: [0.0, 0.34917355371900827, 0.4194214876033058, 0.45661157024793386, 0.4669421487603306, 0.4793388429752066, 0.49586776859504134, 0.5144628099173554, 0.5268595041322314, 0.5413223140495868, 0.5599173553719008, 0.5702479338842975, 0.5764462809917356, 0.5847107438016529, 0.5867768595041323, 0.5929752066115702, 0.6012396694214877, 0.6053719008264463, 0.609504132231405, 0.6177685950413223, 0.6260330578512396, 0.628099173553719, 0.6363636363636364, 0.640495867768595, 0.6425619834710744, 0.6487603305785123, 0.6508264462809917, 0.6632231404958677, 0.6673553719008265, 0.6694214876033058, 0.6735537190082644, 0.6776859504132231, 0.6818181818181818, 0.6859504132231405, 0.6921487603305785, 0.6962809917355371, 0.7004132231404959, 0.7024793388429752, 0.7107438016528925, 0.71900826446281, 0.7252066115702479, 0.7293388429752066, 0.731404958677686, 0.743801652892562, 0.768595041322314, 0.78099173553719, 0.7954545454545454, 0.7995867768595041, 0.8119834710743802, 0.8161157024793388, 0.8285123966942148, 0.8367768595041323, 0.9256198347107438, 0.9297520661157025, 1.0, 1.0]
