UNet: [0.0, 0.0, 0.0, 0.07142857142857142, 0.07142857142857142, 0.14285714285714285, 0.14285714285714285, 0.2857142857142857, 0.2857142857142857, 0.35714285714285715, 0.35714285714285715, 0.42857142857142855, 0.42857142857142855, 0.5, 0.5, 0.5714285714285714, 0.5714285714285714, 0.6428571428571429, 0.6428571428571429, 0.6428571428571429, 0.6428571428571429, 0.7142857142857143, 0.7142857142857143, 0.9285714285714286, 0.9285714285714286, 1.0, 1.0]
VNet: [0.0, 0.0, 0.0, 0.07142857142857142, 0.07142857142857142, 0.21428571428571427, 0.21428571428571427, 0.2857142857142857, 0.2857142857142857, 0.35714285714285715, 0.35714285714285715, 0.42857142857142855, 0.42857142857142855, 0.5, 0.5, 0.5714285714285714, 0.5714285714285714, 0.5714285714285714, 0.5714285714285714, 0.6428571428571429, 0.6428571428571429, 0.7142857142857143, 0.7142857142857143, 0.7857142857142857, 0.7857142857142857, 0.8571428571428571, 0.8571428571428571, 0.9285714285714286, 0.9285714285714286, 1.0, 1.0]
ResNet3D: [0.0, 0.0, 0.0, 0.07142857142857142, 0.07142857142857142, 0.14285714285714285, 0.14285714285714285, 0.21428571428571427, 0.21428571428571427, 0.35714285714285715, 0.35714285714285715, 0.5, 0.5, 0.5714285714285714, 0.5714285714285714, 0.6428571428571429, 0.6428571428571429, 0.7142857142857143, 0.7142857142857143, 0.7857142857142857, 0.7857142857142857, 0.8571428571428571, 0.8571428571428571, 0.9285714285714286, 0.9285714285714286, 0.9285714285714286, 0.9285714285714286, 1.0, 1.0]
ResNet3D: [0.0, 0.0, 0.0, 0.07142857142857142, 0.07142857142857142, 0.14285714285714285, 0.14285714285714285, 0.21428571428571427, 0.21428571428571427, 0.2857142857142857, 0.2857142857142857, 0.35714285714285715, 0.35714285714285715, 0.42857142857142855, 0.42857142857142855, 0.5, 0.5, 0.5714285714285714, 0.5714285714285714, 0.6428571428571429, 0.6428571428571429, 0.7142857142857143, 0.7142857142857143, 0.8571428571428571, 0.8571428571428571, 0.9285714285714286, 0.9285714285714286, 0.9285714285714286, 0.9285714285714286, 1.0, 1.0]
ResNet3D: [0.0, 0.007751937984496124, 0.13178294573643412, 0.14728682170542637, 0.31007751937984496, 0.32558139534883723, 1.0, 1.0, 1.0, 1.0, 1.0, 1.0, 1.0, 1.0, 1.0, 1.0, 1.0, 1.0, 1.0, 1.0, 1.0, 1.0, 1.0, 1.0, 1.0, 1.0, 1.0, 1.0, 1.0, 1.0, 1.0, 1.0, 1.0, 1.0, 1.0, 1.0]
ResNet3D: [0.0, 0.007751937984496124, 0.14728682170542637, 0.16279069767441862, 0.7054263565891473, 0.7209302325581395, 1.0, 1.0, 1.0, 1.0, 1.0, 1.0, 1.0, 1.0, 1.0, 1.0, 1.0, 1.0, 1.0, 1.0, 1.0, 1.0, 1.0, 1.0, 1.0, 1.0, 1.0, 1.0, 1.0, 1.0, 1.0, 1.0, 1.0, 1.0, 1.0, 1.0]
ResNet3D: [0.0, 0.07142857142857142, 0.14285714285714285, 0.14285714285714285, 0.21428571428571427, 0.21428571428571427, 0.2857142857142857, 0.2857142857142857, 0.35714285714285715, 0.35714285714285715, 0.42857142857142855, 0.42857142857142855, 0.5, 0.5, 0.5714285714285714, 0.5714285714285714, 0.6428571428571429, 0.6428571428571429, 0.7857142857142857, 0.7857142857142857, 0.8571428571428571, 0.8571428571428571, 0.8571428571428571, 0.8571428571428571, 0.9285714285714286, 0.9285714285714286, 1.0, 1.0]
ResNet3D: [0.0, 0.07142857142857142, 0.14285714285714285, 0.14285714285714285, 0.21428571428571427, 0.21428571428571427, 0.2857142857142857, 0.2857142857142857, 0.35714285714285715, 0.35714285714285715, 0.42857142857142855, 0.42857142857142855, 0.5, 0.5, 0.5714285714285714, 0.5714285714285714, 0.6428571428571429, 0.6428571428571429, 0.7142857142857143, 0.7142857142857143, 0.7857142857142857, 0.7857142857142857, 0.8571428571428571, 0.8571428571428571, 0.9285714285714286, 0.9285714285714286, 1.0, 1.0]
ResNet3D: [0.0, 0.015503875968992248, 0.11627906976744186, 0.13178294573643412, 0.3798449612403101, 0.3953488372093023, 0.5658914728682171, 0.5813953488372093, 1.0, 1.0, 1.0, 1.0, 1.0, 1.0, 1.0, 1.0, 1.0, 1.0, 1.0, 1.0, 1.0, 1.0, 1.0, 1.0, 1.0, 1.0, 1.0, 1.0, 1.0, 1.0, 1.0, 1.0, 1.0, 1.0, 1.0, 1.0, 1.0, 1.0]
UNet: [0.0, 0.007751937984496124, 0.015503875968992248, 0.031007751937984496, 0.08527131782945736, 0.10077519379844961, 0.24031007751937986, 0.24031007751937986, 0.4496124031007752, 0.4496124031007752, 0.5116279069767442, 0.5116279069767442, 0.5813953488372093, 0.5813953488372093, 0.5891472868217055, 0.5891472868217055, 0.6046511627906976, 0.6046511627906976, 0.6511627906976745, 0.6511627906976745, 0.6589147286821705, 0.6589147286821705, 0.6666666666666666, 0.6666666666666666, 0.6744186046511628, 0.6744186046511628, 0.689922480620155, 0.689922480620155, 0.7054263565891473, 0.7054263565891473, 0.7286821705426356, 0.7286821705426356, 0.7364341085271318, 0.7364341085271318, 0.751937984496124, 0.751937984496124, 0.7674418604651163, 0.7674418604651163, 0.7829457364341085, 0.7829457364341085, 0.8062015503875969, 0.8062015503875969, 0.8294573643410853, 0.8294573643410853, 0.8372093023255814, 0.8372093023255814, 0.8604651162790697, 0.8604651162790697, 0.8682170542635659, 0.8682170542635659, 0.8914728682170543, 0.8914728682170543, 0.8992248062015504, 0.8992248062015504, 0.9069767441860465, 0.9069767441860465, 0.9147286821705426, 0.9147286821705426, 0.9147286821705426, 0.9147286821705426, 0.9302325581395349, 0.9302325581395349, 0.937984496124031, 0.937984496124031, 0.937984496124031, 0.937984496124031, 0.9457364341085271, 0.9457364341085271, 0.9534883720930233, 0.9534883720930233, 0.9612403100775194, 0.9612403100775194, 0.9612403100775194, 0.9612403100775194, 0.9612403100775194, 0.9612403100775194, 0.9612403100775194, 0.9612403100775194, 0.9689922480620154, 0.9689922480620154, 0.9767441860465116, 0.9767441860465116, 0.9844961240310077, 0.9844961240310077, 0.9844961240310077, 0.9844961240310077, 0.9844961240310077, 0.9844961240310077, 0.9844961240310077, 0.9844961240310077, 0.9844961240310077, 0.9844961240310077, 0.9922480620155039, 0.9922480620155039, 0.9922480620155039, 0.9922480620155039, 1.0, 1.0, 1.0, 1.0, 1.0, 1.0, 1.0, 1.0, 1.0, 1.0]
UNet: [0.0, 0.07142857142857142, 0.07142857142857142, 0.14285714285714285, 0.14285714285714285, 0.21428571428571427, 0.21428571428571427, 0.35714285714285715, 0.35714285714285715, 0.42857142857142855, 0.42857142857142855, 0.5, 0.5, 0.5714285714285714, 0.5714285714285714, 0.6428571428571429, 0.6428571428571429, 0.7857142857142857, 0.7857142857142857, 0.9285714285714286, 0.9285714285714286, 1.0, 1.0, 1.0, 1.0]
UNet: [0.0, 0.07142857142857142, 0.07142857142857142, 0.14285714285714285, 0.14285714285714285, 0.2857142857142857, 0.2857142857142857, 0.35714285714285715, 0.35714285714285715, 0.42857142857142855, 0.42857142857142855, 0.5, 0.5, 0.5714285714285714, 0.5714285714285714, 0.6428571428571429, 0.6428571428571429, 0.7142857142857143, 0.7142857142857143, 0.7857142857142857, 0.7857142857142857, 0.8571428571428571, 0.8571428571428571, 0.9285714285714286, 0.9285714285714286, 0.9285714285714286, 0.9285714285714286, 1.0, 1.0]
UNet: [0.0, 0.007751937984496124, 0.24031007751937986, 0.2558139534883721, 0.4263565891472868, 0.4418604651162791, 0.8604651162790697, 0.8604651162790697, 0.8682170542635659, 0.8682170542635659, 0.9302325581395349, 0.9302325581395349, 0.937984496124031, 0.937984496124031, 0.9534883720930233, 0.9534883720930233, 0.9612403100775194, 0.9612403100775194, 0.9689922480620154, 0.9689922480620154, 0.9844961240310077, 0.9844961240310077, 0.9922480620155039, 0.9922480620155039, 1.0, 1.0, 1.0, 1.0, 1.0, 1.0, 1.0, 1.0, 1.0, 1.0, 1.0, 1.0, 1.0, 1.0, 1.0, 1.0, 1.0, 1.0, 1.0, 1.0, 1.0, 1.0, 1.0, 1.0, 1.0, 1.0, 1.0, 1.0, 1.0, 1.0]
ResNet3D: [0.0, 0.007751937984496124, 0.13953488372093023, 0.15503875968992248, 0.43410852713178294, 0.4496124031007752, 0.7131782945736435, 0.7131782945736435, 0.7286821705426356, 0.7286821705426356, 0.7674418604651163, 0.7674418604651163, 0.7829457364341085, 0.7829457364341085, 0.8062015503875969, 0.8062015503875969, 0.8217054263565892, 0.8217054263565892, 0.875968992248062, 0.875968992248062, 0.8992248062015504, 0.8992248062015504, 0.9069767441860465, 0.9069767441860465, 0.9147286821705426, 0.9147286821705426, 0.9224806201550387, 0.9224806201550387, 0.937984496124031, 0.937984496124031, 0.9457364341085271, 0.9457364341085271, 0.9534883720930233, 0.9534883720930233, 0.9612403100775194, 0.9612403100775194, 0.9612403100775194, 0.9612403100775194, 0.9767441860465116, 0.9767441860465116, 0.9844961240310077, 0.9844961240310077, 0.9844961240310077, 0.9844961240310077, 0.9922480620155039, 0.9922480620155039, 1.0, 1.0, 1.0, 1.0, 1.0, 1.0, 1.0, 1.0, 1.0, 1.0, 1.0, 1.0, 1.0, 1.0, 1.0, 1.0, 1.0, 1.0, 1.0, 1.0, 1.0, 1.0, 1.0, 1.0, 1.0, 1.0]
ResNet3D: [0.0, 0.07142857142857142, 0.07142857142857142, 0.14285714285714285, 0.14285714285714285, 0.21428571428571427, 0.21428571428571427, 0.2857142857142857, 0.2857142857142857, 0.35714285714285715, 0.35714285714285715, 0.42857142857142855, 0.42857142857142855, 0.5, 0.5, 0.5714285714285714, 0.5714285714285714, 0.6428571428571429, 0.6428571428571429, 0.7142857142857143, 0.7142857142857143, 0.7857142857142857, 0.7857142857142857, 0.8571428571428571, 0.8571428571428571, 0.9285714285714286, 0.9285714285714286, 1.0, 1.0]
ResNet3D: [0.0, 0.07142857142857142, 0.07142857142857142, 0.14285714285714285, 0.14285714285714285, 0.21428571428571427, 0.21428571428571427, 0.35714285714285715, 0.35714285714285715, 0.42857142857142855, 0.42857142857142855, 0.5, 0.5, 0.5714285714285714, 0.5714285714285714, 0.6428571428571429, 0.6428571428571429, 0.7142857142857143, 0.7142857142857143, 0.7857142857142857, 0.7857142857142857, 0.8571428571428571, 0.8571428571428571, 1.0, 1.0]
ResNet3D: [0.0, 0.15517241379310345, 0.15517241379310345, 0.1896551724137931, 0.1896551724137931, 0.22413793103448276, 0.22413793103448276, 0.2413793103448276, 0.2413793103448276, 0.29310344827586204, 0.29310344827586204, 0.3620689655172414, 0.3620689655172414, 0.3793103448275862, 0.3793103448275862, 0.43103448275862066, 0.43103448275862066, 0.4482758620689655, 0.4482758620689655, 0.46551724137931033, 0.46551724137931033, 0.4827586206896552, 0.4827586206896552, 0.5, 0.5, 0.5172413793103449, 0.5172413793103449, 0.5344827586206896, 0.5344827586206896, 0.5689655172413793, 0.5689655172413793, 0.5862068965517241, 0.5862068965517241, 0.603448275862069, 0.603448275862069, 0.6206896551724138, 0.6206896551724138, 0.6551724137931034, 0.6551724137931034, 0.6896551724137931, 0.6896551724137931, 0.7068965517241379, 0.7068965517241379, 0.7241379310344828, 0.7241379310344828, 0.7413793103448276, 0.7413793103448276, 0.7586206896551724, 0.7586206896551724, 0.7931034482758621, 0.7931034482758621, 0.8275862068965517, 0.8275862068965517, 0.8448275862068966, 0.8448275862068966, 0.8620689655172413, 0.8620689655172413, 0.8793103448275862, 0.8793103448275862, 0.896551724137931, 0.896551724137931, 0.9137931034482759, 0.9137931034482759, 0.9310344827586207, 0.9310344827586207, 0.9482758620689655, 0.9482758620689655, 0.9655172413793104, 0.9655172413793104, 0.9827586206896551, 0.9827586206896551, 1.0, 1.0]
ResNet3D: [0.0, 0.2631578947368421, 0.3373205741626794, 0.361244019138756, 0.37559808612440193, 0.41866028708133973, 0.430622009569378, 0.4569377990430622, 0.4665071770334928, 0.47368421052631576, 0.48564593301435405, 0.49521531100478466, 0.5, 0.5143540669856459, 0.5167464114832536, 0.5311004784688995, 0.5382775119617225, 0.5430622009569378, 0.5526315789473685, 0.5574162679425837, 0.5717703349282297, 0.5765550239234449, 0.583732057416268, 0.5933014354066986, 0.5956937799043063, 0.6028708133971292, 0.6052631578947368, 0.6100478468899522, 0.6148325358851675, 0.6220095693779905, 0.631578947368421, 0.6363636363636364, 0.6435406698564593, 0.65311004784689, 0.6602870813397129, 0.6650717703349283, 0.6674641148325359, 0.6722488038277512, 0.6770334928229665, 0.6842105263157895, 0.6866028708133971, 0.6913875598086124, 0.6961722488038278, 0.7009569377990431, 0.7033492822966507, 0.7081339712918661, 0.7440191387559809, 0.7488038277511961, 0.7559808612440191, 0.7631578947368421, 0.8038277511961722, 0.8086124401913876, 1.0, 1.0]
